004120
010598
012850
007745
017711
030775
030079
022460
028118
028081
006180
006488
013196
022430
029244
025123
010656
030812
012354
029302
013843
026336
013194
025434
009199
018260
001992
029042
028448
013445
019585
019339
020200
015754
025469
021790
001931
001143
011662
017260
027849
008699
011599
022525
003636
018222
007080
019871
005013
031235
025647
025924
010959
002586
012237
028236
025090
019171
010793
014870
012268
003409
006850
013564
004515
003727
019655
028411
022601
027257
010507
017591
021073
026557
025512
009633
015195
030967
017192
013921
006878
024874
024923
022231
017689
023384
026130
029009
023292
017454
012928
031941
015627
025087
020468
022066
014955
021122
018208
005488
010387
012047
023853
022557
020833
028496
008780
014701
005242
018331
020870
024567
001598
000891
019444
017123
004542
032268
002479
005639
031856
010544
016650
016583
029082
025042
020735
028124
016547
027308
015830
012883
003285
008270
022379
004189
007725
008271
032411
018118
008782
000766
000966
000048
018872
014818
021099
007522
006344
030441
007739
005200
019761
032548
007238
016802
012274
018765
003848
009448
024816
005018
007801
024507
027833
001415
011644
001653
007719
018839
011317
027989
019665
008258
023346
012060
013968
004233
007533
017034
003457
023523
026510
008776
007505
002693
008437
024350
004527
004659
030583
032391
019762
005397
018647
022527
013099
020302
027990
018853
006147
020801
027895
010496
002879
027083
003407
022281
011079
030427
016363
026321
032374
001068
022973
025679
013860
032527
012819
003393
006059
009095
025587
018470
023695
029226
032512
026039
032341
018293
003377
020332
025523
025769
000258
016877
005137
012091
029668
009351
017313
028548
010002
001775
001392
014391
002338
023813
002622
012219
010466
017491
023042
000397
002660
002422
015208
006434
021825
021433
020387
016657
023428
025480
006762
010345
005812
015493
003332
030070
031993
030308
002210
016494
002642
022491
030588
025016
006737
023879
025967
016070
017631
028890
014351
032198
027887
029796
007009
005001
008747
023836
015295
018547
028421
006137
018075
026717
015020
018798
015122
009887
006868
019887
008331
008901
023386
014027
005347
015265
012834
029750
007373
019883
007114
025502
002157
026359
018940
021792
025436
013866
028301
007480
006804
021296
005805
013565
005114
018336
018378
013710
012918
016920
013309
015800
032481
029427
013849
006455
014641
000549
026029
024368
016042
011555
002465
016805
018678
014625
003122
000537
024444
020752
025973
032675
014158
028697
018865
010516
032633
028813
022315
023054
001707
003205
004923
023565
005221
024740
020670
031958
002866
008888
010825
031188
017048
003371
008357
029751
020166
019849
014969
019454
028966
024454
017458
012340
000088
030530
006025
030973
001867
017598
012336
003156
031341
016328
022419
012413
032540
007874
027575
022431
011503
027660
017803
011777
014699
011516
006482
006362
030264
002737
026614
028094
016123
014359
019028
002818
014171
014846
006124
012214
023268
003343
014454
003590
012213
015109
025679
009496
014920
004985
016821
001993
027572
015892
015692
025559
032054
002835
017002
029014
021222
005212
009233
031880
025822
015502
010665
003172
008517
013023
023248
020096
002806
010651
025566
032013
022464
012959
020724
030252
020076
002099
030629
017354
028684
014852
018338
029107
024908
005418
028906
021426
024492
031629
027250
022474
009203
002550
030273
016626
013887
013754
022637
015575
014709
016828
009350
017295
025352
024632
022857
008777
000331
022940
003256
002650
028099
029261
015076
003126
025152
022589
028689
006708
011941
028295
004862
006453
004765
010394
005738
013698
020916
008096
024890
014461
018834
029710
023245
002035
012617
012979
019798
023101
001512
010142
019035
004720
021474
006821
032169
013885
021989
012421
029024
004963
006444
026829
016861
001206
019582
015365
012979
026412
025167
001765
003566
017774
004035
001644
017747
007391
016764
032309
000354
028952
011398
001380
013374
015171
031925
014332
030409
012521
006989
031103
031892
029191
028635
025378
022391
030846
008826
013058
009708
013125
006653
027420
012159
007660
000440
005617
028917
028988
025054
011294
015859
019496
004776
010586
030800
031817
024007
020615
032090
027544
019148
015845
024492
015654
010894
000905
024689
023802
019123
030620
027939
018278
007654
025879
016166
008820
026214
018167
010451
000048
024553
027412
012240
021244
021265
007466
024256
021818
014307
007097
018611
029674
026101
026546
007912
016392
006240
019781
001460
005338
004237
007966
006055
004454
013943
022251
020056
018886
001535
029978
026189
016674
014424
024312
022530
024419
013765
028096
014845
015885
018195
012867
024684
026044
001947
028706
